100
3 1 4
1100
1010
0000
1000
2 4 4
1111
1111
1111
0111
1011
1101
10 10 4
0000
1010
0010
0101
0000
0110
1100
0000
1101
0001
1000
1100
0010
1010
0001
1101
0100
0000
0101
0110
1 10 10
0001110100
1010000101
0110110110
0100101000
1100001011
1100000010
1110110000
1111000101
0001110100
0101110011
0011110100
10 10 6
010000
011010
010101
000000
001000
000110
001110
001000
010110
011001
001000
010101
010000
010110
011010
000000
001110
011001
000110
110000
10 10 7
0101101
0110001
0100001
0100001
1010000
1010001
0110111
0111111
0110101
1010101
1010000
0100001
0110111
1010001
0101101
0110101
0111111
1101101
1010101
0110001
10 10 5
00011
00111
10101
00001
10111
10010
11111
10101
01001
10010
10011
10101
10010
00111
10111
00001
11111
01011
01001
00011
10 7 3
000
010
111
100
001
100
010
100
011
011
001
110
011
100
111
000
010
10 10 6
101110
111000
001111
101111
111001
101000
101010
101100
111101
011110
111101
111000
101000
111001
001111
101110
101010
011110
101100
101111
10 10 7
0101100
0100101
1111001
1111101
0101101
0001101
0101001
0001100
0101101
0001101
0101100
0111100
1101100
1111001
0101101
0101001
0001100
1111101
0001101
0100101
10 10 4
0011
1011
0001
0010
0000
0110
0001
0011
0111
0101
0000
1001
1111
0111
0011
0101
0001
0010
1011
0110
10 10 5
00101
00100
00100
00100
00100
10101
00100
00100
00101
00100
10100
00111
00100
10101
00110
01101
01100
00000
00101
00001
10 10 5
00101
00101
00101
00101
00101
00101
00101
00101
00101
00101
11101
00111
10001
00100
00001
00101
10100
01101
10101
10111
10 10 8
11010011
01010101
11010001
00100011
01010010
01010011
11000001
01010001
01010001
01010101
11010011
01010010
11110011
01010101
11000001
01010011
10010011
00100011
01010001
11010001
10 10 9
011110100
011110100
011110100
011110100
011110100
011110100
011110100
011110100
011110100
011110100
001110100
111110100
011100100
011110000
011110100
011010100
010110100
011110110
011111100
011110101
1 1 1
1
1
10 10 10
0010001110
0000110011
1101010000
1011011000
0111110100
0111110110
0011000110
0110111111
1100111111
1010101110
0000110010
0100110011
0011011101
1001110100
0111111100
1101000010
0011100011
0011100101
1110111101
1110000000
10 9 10
0100111010
0011011100
0111100010
0000011010
1011001010
0111010010
1011100011
0100110001
0000010011
1001110110
1001001101
1001101111
1111000111
0111110101
1000101011
0110000110
1111011100
1100011101
1100010100
10 10 6
000100
001011
000110
011110
111101
011010
100000
000101
011101
101001
011110
000101
111101
100000
001011
000100
011101
000110
101001
011010
10 10 6
101000
110010
101001
101011
111010
111011
110110
100001
101101
101100
110110
101011
101100
101000
100001
111011
110010
111010
101001
101101
10 3 7
1010011
1111010
0111111
0001100
1011000
1101110
0000001
1010110
1100000
0110100
1111010
1111000
1011000
10 10 5
11111
01110
00111
01110
11110
00010
01010
00110
11110
00110
11110
10111
11111
00111
00010
01110
00110
11011
01010
01111
10 10 4
1110
0011
0011
0011
1110
1110
1110
1110
1110
1110
1100
0111
1010
1011
0011
1110
1111
0001
0010
0110
5 10 6
101100
000100
110000
001100
110100
000011
111001
001100
011110
010001
101100
111111
101000
101010
101001
1 10 10
1101001010
1011010001
1101001110
1111110111
1101001010
0101111101
0001110011
0000101001
1100101111
0100110010
0011110000
10 10 10
1110100000
0110101000
1111001001
1100110010
0010000010
0101011101
0010001111
0111101010
1010101010
0010010111
1000101100
0101111111
1011101101
1100001101
1011110010
1000110111
0101011000
0101001001
0000001010
1011011010
10 10 10
0110101100
0010100110
1101000111
1101000111
0010011000
0010100110
0110101110
0110101110
0010101110
0010100100
0110101100
1110101100
0010101100
1101000111
0010011000
0010100110
0010101110
0100101100
0110101110
0010100100
10 10 10
0000001111
1001110010
1010011111
0111001000
0110111011
0111010000
1011001010
1110001100
0010111001
1011100001
1010011111
0111010000
0110111011
0010111001
0111001000
1011100001
1001110010
0000001111
1011001010
1110001100
10 10 6
101001
001110
101001
010010
010010
010010
000110
010010
001110
101001
101011
101101
101000
001001
001110
010010
101001
100001
000110
111001
10 10 4
1010
1010
1010
1010
1010
1010
1010
1010
1010
1010
1011
0000
0110
1110
0011
1010
1000
1100
1111
0010
10 10 4
1000
0101
0111
0110
1001
1110
0100
1010
1001
0110
0100
0000
1100
0110
1110
1001
0101
1010
1000
0111
10 10 7
0110010
0011000
0110001
0011100
0101000
0100000
0110011
0110000
0111001
0010001
0110011
0110010
0011100
0110001
0101000
0111001
0010001
0110000
0100000
0011000
10 10 5
10011
10011
11001
11110
10001
11000
11110
01110
11100
10110
10011
11000
01110
11100
10110
11001
11110
00011
10001
11011
10 10 9
110110111
001100110
111101000
100001101
101111001
110000011
001000001
010101010
101110001
111011110
110000011
101110001
111011110
001000001
001100110
101111001
100001101
110110111
111101000
010101010
10 10 8
01001100
10000101
00011011
10100000
01101000
00010011
00100101
11011110
10101100
10010000
00011011
00010011
10010000
01001100
00100101
01101000
10000101
11011110
10100000
10101100
1 10 10
1101101110
0000101100
0111011001
0101000011
0100001000
1001100000
1110101101
1101101110
0101000100
0000010010
1001110111
10 10 5
11001
01000
10001
11000
11000
01000
10001
11101
11001
11001
10001
01010
11011
11101
11000
01001
01000
11001
01100
00000
4 1 6
000010
000100
100011
101100
010011
10 10 7
0111001
0000111
0101001
1011100
1111100
1110110
1101110
1001100
1110010
1111101
0111001
1111100
1001100
0101001
1110010
1111101
1011100
1110110
1101110
0000111
10 10 4
1110
0110
1010
0111
0111
0111
0110
1010
0110
0010
1111
0110
1011
0010
1110
1000
0100
1010
0111
1100
10 10 7
0001101
0101111
0010111
0101001
1000111
0010010
0100001
0100101
0110101
0010111
0010111
0010010
1000111
1001101
0101001
0110101
0001101
0100001
0101111
0100101
10 10 5
01110
01110
01110
01110
00110
01110
00110
01110
01110
00110
00010
10110
00110
01010
01110
01111
00111
01100
11110
00100
10 10 7
0011000
0100001
0100011
0010000
0110011
0101101
0110111
1110011
0010010
0100101
0010000
0011000
0110111
0101101
0100101
0100001
0100011
1110011
0010010
0110011
4 10 10
0101000100
1110011000
1110111110
0001000011
0000111111
0110001100
1111110111
1001011110
1101011011
1000101000
0011110001
0101101000
1010100110
0011111101
10 6 10
0011100001
0111000110
0100111011
0001110110
0100110001
0010101000
1101010011
1101001010
1001110100
0000011101
1111100011
1101101110
0001110100
1011011000
1101110000
0111001000
10 10 7
0000111
0000111
0000111
0000111
0000011
0000111
0000111
0000111
0010011
1000111
0001111
1000111
0010011
0000101
0000110
0000011
0010111
0100111
1000011
0000111
10 10 7
0100101
0101101
1001001
0101100
1110101
0101100
1101001
1110001
1110100
0101100
0000101
0100101
1110101
1101001
1110100
0101101
1001001
0101100
1100101
1110001
10 1 10
0111010010
1101001110
1110001111
1001101111
0000100001
1110100000
1011111000
1101110100
0010110100
1100010011
1111001001
10 10 8
10100100
11101110
01111111
01011110
11100110
10101111
01100100
10110111
00100100
11101101
01100100
10110111
11101101
11100110
10101111
11101110
01111111
10100100
01011110
00100100
10 10 7
0000000
1000000
1110010
0010100
0000100
1000010
1010110
0010110
1010000
1010010
1000010
0000100
0010100
1010010
0000000
0010110
1110010
1010000
1000000
1010110
10 10 4
0010
0101
1101
1111
0001
1000
0001
1100
0011
0110
1100
0001
1000
1111
1101
0011
1010
0110
0010
0101
10 10 4
1011
1010
1101
1001
1000
1000
1111
0111
0101
1000
0111
0101
1010
1101
1001
0011
1111
0010
1000
1011
10 10 8
11101000
00110100
00111101
01011001
11100111
11100000
01110010
11000011
11001000
11001011
11101000
00111101
11100000
01011001
11001000
11100111
00110100
01110010
11000011
11001011
10 10 10
0110001000
0111100111
0000011101
1000001010
1100000011
1101000011
0101110011
1101110011
0100010001
0010100001
1000110010
1101011010
0110101011
0000000011
1111111001
1111100010
1011111100
0011000100
0110001010
0111000001
10 7 3
110
000
100
001
100
100
101
101
011
011
001
010
000
110
101
011
100
10 10 7
1001000
1101000
1000010
1000010
0100000
0101000
1111111
1000000
1001000
1100000
1011000
0100000
1111111
0101000
1100000
1000000
1000010
0001000
1101000
1001000
10 10 8
11101110
10001111
11111010
10101111
01010111
10111101
01011001
11001111
00000010
11100101
10101111
11101110
11001111
00000010
11100101
01010111
10001111
11111010
01011001
10111101
10 10 7
1011100
1011111
1111111
0111111
0100000
0100101
0001000
1001001
1010111
0101110
1111111
0100101
1011111
1010111
1001001
0111111
1011100
0101110
0100000
0001000
10 10 6
001111
010100
011110
000110
110100
001110
110100
000100
000110
000010
011110
000110
101111
110100
000010
001110
010100
001111
011111
000100
1 1 4
0000
0000
10 1 1
0
1
1
0
1
0
0
0
0
0
0
10 10 9
110010000
101101100
111100101
111010000
100011010
100111000
100011100
111000011
010010010
011001000
111011111
000110111
110000100
011111000
001001000
101000111
110100111
011100111
010100001
010011000
10 10 10
0110111110
1110010111
1010000110
0000001001
1110000010
0101011111
1000000011
1001110011
1011110000
1101101100
0100101100
1001101110
1110101111
1101110111
0110010110
0000110100
1100101011
0110110010
0101111111
0100010010
10 10 10
1110100101
1110100101
1110100101
1110100101
1110100101
1110100101
1110100101
1110100101
1110100101
1110100101
0111010100
1011101111
0010001011
0110011111
0011010100
0000000011
0101000110
1001101000
1001000100
1110110111
10 10 6
110011
101000
011011
111100
111010
110000
011010
100111
000100
011010
010011
000100
110000
111010
110011
011010
100111
111100
011011
101000
10 10 4
1011
0100
0100
0100
1100
1000
0001
0101
1100
0000
0011
1111
1100
1000
0101
0000
1001
0100
1011
0001
10 10 8
10011010
01000000
10101111
01011010
11100001
00101101
01010001
01010111
10111111
10001111
01000000
10111111
00101101
11100001
10011010
01010111
10101111
01010001
10001111
01011010
9 10 6
000000
101011
011001
100111
001101
100011
110110
100100
110001
000001
111110
001101
011000
011001
010011
010110
101000
001110
011010
10 10 7
0111010
0000010
1101011
1000001
0101001
0111010
1111101
1101000
0001100
0011100
0001100
0101001
1000001
0111010
0000010
1111010
1111101
1101011
1101000
0011100
1 10 10
0001000110
0101110101
1111000100
1011100000
0001000110
1110011110
0100010000
0011101011
1000000011
1100100101
0100101010
10 10 5
10010
11101
01100
00101
11000
01110
01001
11001
00110
10001
11101
11001
00101
01100
10001
11000
01001
00110
10010
01110
10 3 2
11
11
11
11
11
01
10
10
01
11
11
10
01
10 10 7
1001010
1110000
1111110
1100010
0100111
0010110
0101100
1111100
1111011
1000100
0101100
1111100
1111110
1110000
1111011
0100111
1001010
1000100
0010110
1100010
10 10 6
101010
111101
111000
101110
111100
110101
111100
111110
111100
110001
101010
111100
111101
101110
110001
111110
111000
001010
110101
111010
10 10 4
0000
0000
0000
0000
0000
0000
0000
0000
0000
0000
1000
0110
0010
0000
0001
0101
1010
0100
1100
1001
1 1 10
1111111111
1111111111
10 10 10
1100001100
1101111101
0010100110
0001010001
1001000111
0011100100
1111000111
1110101100
0010000000
1011000001
0101111011
0100011010
0000100011
1000100011
1111101001
1100001110
1111100110
0110101100
0100010111
1101011011
10 10 7
0001110
1110101
1100111
0010011
1100101
0111101
1001111
1101100
1111101
1011111
0001110
0010011
1100101
1101100
1001111
1100111
0111101
1011111
1110101
1111101
10 10 9
000100010
000101101
000100000
010100010
000101101
000100010
000111101
010101101
011101101
000110010
000101101
000111101
001100010
000100010
010100010
011101101
000110010
100100010
000100000
010101101
10 10 10
0010100011
1010100011
1100100111
1110111100
0111011110
1010011101
0110001010
0101010111
1100100001
0110000010
0101111010
1101001100
0011110111
1000010110
1101010010
0100111100
0011101000
1100011111
0010001001
0001111101
10 10 6
011000
001100
111110
011100
011111
011101
101110
011110
001101
011100
001100
011110
101110
011100
111000
011111
001101
011000
111110
011101
10 10 8
00101001
00110011
11111010
00111110
00100010
10111100
10000100
11010000
01001000
11001010
00100010
10000100
11001010
00111110
11111010
00110011
01001000
10111100
00101001
11010000
10 10 6
010001
011001
011111
011011
001001
010110
010101
010011
010100
010111
011111
010100
010110
011011
010011
010111
010001
001001
011001
010101
10 10 4
1000
1101
0000
1110
0001
1101
0101
0000
0110
0011
0011
0110
1010
1110
1000
0000
0101
0001
1100
1101
10 10 6
010110
001010
110111
110100
001010
100000
001100
001010
110011
000100
001010
110100
000100
010110
110011
110110
110111
001100
100000
000110
10 10 5
10001
11011
01010
01000
00011
11001
10001
11000
00010
10101
00011
11000
11011
10001
10101
01010
00010
01000
00001
11001
8 10 10
0001010111
0000011111
1010000110
1011111101
0110110100
0010010010
0010110100
1111010010
1000111100
1100011100
1000011100
1000100111
0010001001
1000001001
1000101001
0010101010
1101100101
1011100110
10 10 8
10110001
01110010
10100011
10011111
10011011
11001001
10111100
01010110
00111010
01001101
01001101
01010110
10110001
10111100
11001001
00111010
10011111
01110010
10011011
10100011
1 10 10
1001111101
0001001011
0110010101
0000000010
0001100010
1001111101
1101000010
1011011001
1100011111
0110100010
1001000000
10 10 5
00111
00101
00101
00111
00111
00101
11101
00101
00111
00111
01101
10111
00110
10101
00101
00001
00011
01111
11101
00111
2 4 6
011001
010001
101011
111111
011001
010001
10 10 4
1000
0101
0101
0101
0101
1111
0101
0101
1000
1111
1010
0111
1100
0000
0101
1101
1111
0001
1001
1000
10 1 1
1
0
0
0
1
1
0
0
0
1
1
10 10 5
00010
10100
11101
01110
00001
10100
11010
11001
00110
10011
00110
01110
00010
11001
10011
00001
10010
11101
11010
10100
10 10 5
00000
00011
10000
00001
00001
10001
01001
10001
00100
10000
00010
10001
00001
00100
10011
00011
00000
01001
10000
01000
10 10 6
000001
111100
000010
111011
100101
011000
010101
011100
100001
010110
010101
100101
000001
011000
010110
000010
100001
111011
011100
111100
10 10 7
1100100
1101100
1101101
1101100
1101100
1101101
1101101
0101101
1101100
1101101
0100100
1101100
1100000
0101101
1100100
1000100
1100110
1101101
1100101
1110100
10 10 9
111011100
100110001
110000111
010100001
110101100
110100010
100011101
110111111
010111111
111111001
110101100
010111111
010100001
100011101
110111111
111111001
110000111
111011100
100110001
110100010
10 10 10
0110101010
0010111110
1110111010
1111101110
1111101010
0110101010
1111101010
0110001010
1110101110
1110101010
1100110010
0101111000
1100110100
0000100111
0000010101
0100000010
1001111000
0111000010
1101110000
1001100001
10 10 9
100100101
011001000
001101100
000110100
100110000
111111111
100010100
101110011
001010100
110001110
001001110
000101010
000000110
101010000
111010101
101110011
110000000
000001001
110111011
000111100
