100
3
2 2 2 2 2 2 2 3 3
2 2 2 2 2 2 2 2 2
3
2 2 2 2 2 2 2 3 3
2 2 2 2 2 2 2 2 3
3
3 3 4 3 5 5 2 1 2
3 8 2 5 3 4 5 3 4
3
729498 31854 237012 955015 7346 738260 834783 232125 412452
61227 220742 568103 245323 668896 655137 640387 468480 314849
3
664636 521138 410109 971228 923785 613901 643529 800920 145952
927024 950711 716713 50214 868745 995621 170820 939016 631133
3
668880 667656 666189 675193 658260 659345 674973 664678 669793
668379 662577 666042 659456 663704 666756 683888 670277 663885
3
10592 10575 10550 10375 10471 10573 10400 10557 10564
10395 10548 10734 10519 10538 10474 10657 10533 10262
3
229595 671208 305350 836507 898208 411299 983208 6994 427174
531951 396865 907199 96333 177032 963187 355525 806169 689065
3
975550 53476 856580 497935 145530 636818 822188 598543 707163
757256 965548 259052 704301 30759 295491 770163 934194 214115
3
375166 591198 409886 824706 888100 601780 787707 205704 48561
804617 598474 265270 644093 607118 735845 619935 671709 456875
3
634931 810569 493815 873821 316289 682481 174718 855627 642739
565846 760437 243692 564817 447706 566912 912596 71827 862045
3
2 1 1 1 2 5 2 1 3
1 3 2 2 3 3 1 2 3
3
439974 568779 12483 716950 660807 944201 470988 309318 855411
992185 27389 574744 902023 317270 57479 53791 411705 730786
3
170718 356713 303060 93171 280746 126137 565939 202840 695373
779720 749456 672233 444509 446620 572726 803348 609536 699518
3
107031 976428 240280 598720 667847 439371 496124 538307 522052
496173 496542 23881 766836 788867 324566 676569 872734 959882
3
1 1 2 2 1 1 2 2 1
1 2 1 2 2 2 1 1 1
3
543557 306452 518855 319343 84344 593846 423260 129706 232618
764645 546499 278327 718210 732543 194270 769269 348396 718314
3
319218 581041 343897 736131 240761 950090 604887 287448 452270
99582 761603 680036 158637 439453 720407 384851 531740 148934
3
6 2 4 2 1 6 2 1 5
3 4 3 3 3 3 4 5 2
3
965571 339741 826922 321634 895983 432855 710497 346232 70645
606589 56799 18535 563145 476932 473341 739875 534708 189932
3
421202 419686 424146 421921 419699 417953 418000 418699 423077
414921 415456 418165 426330 418075 418342 422235 425914 424945
3
514742 512138 512470 511912 514481 501853 502778 512574 505710
506213 507790 507919 506608 512945 514625 513730 515265 503567
3
441740 440472 443496 439969 451654 452732 448411 443414 436162
450323 442654 442567 442116 441901 443540 441683 444033 449230
3
1 1 1 1 2 1 1 2 2
1 2 1 2 2 1 3 2 1
3
3 3 7 5 4 3 4 4 8
2 6 2 5 7 3 5 6 4
3
773101 780675 786046 799722 789224 780070 788939 785576 786962
781037 782452 787690 787056 793798 792881 788331 775905 781165
3
7 5 1 5 8 3 7 2 3
4 4 5 7 7 3 3 4 3
3
880109 85229 444772 288542 796292 43064 576179 298984 63663
3748 996707 19837 428554 674903 591425 799643 486063 247475
3
755286 764876 776513 776477 769693 764427 781263 759934 771938
777463 767163 775854 770008 760598 766376 772397 767198 763348
3
581009 627379 641463 937766 690645 232151 226954 707387 213161
901026 444698 94139 780447 620397 905111 632835 896482 725026
3
2 4 1 3 4 1 1 1 2
2 1 1 3 2 3 1 3 2
3
898870 560536 203631 282858 58886 66788 376542 408254 945974
51374 528317 769483 498956 153519 777055 131436 956291 333949
3
656885 587061 624882 641845 800618 470445 77519 127962 114003
440000 371373 990076 181209 784566 357235 708287 625242 662429
3
2 2 2 2 2 2 3 3 3
2 2 2 2 3 3 3 3 3
3
656923 662130 661707 652956 656563 659560 653050 655260 653290
661646 660702 657090 666594 644198 663720 658556 654920 644012
3
9 9 9 9 9 9 9 9 9
9 9 9 9 9 9 9 9 9
3
377301 493191 304503 51597 127773 77647 914929 238129 534935
418683 421014 481498 787001 578072 426759 978550 827633 813729
3
884217 899290 894712 891650 883555 895208 887055 903934 895799
891504 892147 895841 894012 903606 889835 884528 892603 891343
3
618628 617216 604538 621288 610102 613329 617080 621430 606927
609092 615851 620371 609488 622304 611857 612409 620593 608580
3
352380 340561 152577 843824 216607 732768 829063 162154 506115
709741 26207 891636 535469 246957 73622 78399 497898 18873
3
990154 843304 96455 640857 260618 729548 825155 486315 414772
206880 754397 366101 520157 95591 186462 544892 229674 22253
3
138405 144096 758223 729298 714786 454846 701312 962126 188806
609475 262320 918040 489548 550779 251430 43849 762563 607609
3
275784 273102 275586 275107 276580 269079 274437 270745 272788
271452 273395 274232 278394 276007 274190 273452 269607 272477
3
534197 540266 530559 530563 523096 536385 543211 535868 528929
538037 540754 531739 531083 531511 535128 535214 529975 529633
3
197030 791564 832499 784387 324480 316723 192138 941556 219090
289845 143241 317643 649932 935494 561308 571955 587998 765219
3
49981 639662 424265 391565 195140 232627 243351 74050 456435
494648 118125 853342 481602 801793 986390 703265 563929 824006
3
2 2 2 2 2 2 3 3 3
2 2 2 2 2 3 3 3 3
3
799273 333584 968999 170469 534515 609993 848451 541849 225172
1930 638597 610903 248231 161978 487937 147567 285176 777778
3
535631 273301 341512 805801 797802 847298 433173 500136 718021
428344 752782 924209 784977 590315 256466 929233 721377 264910
3
734580 986381 10847 738872 234177 8817 631138 948562 604470
792389 814883 526238 143086 476095 369103 291012 485532 875120
3
816762 668260 860653 46149 432881 969995 927862 314615 826811
82952 614571 91682 80261 394715 390039 644996 612823 85424
3
4 2 2 2 6 3 5 4 3
2 2 4 3 5 2 4 6 5
3
346297 343733 347484 345689 345746 345585 349334 341007 349176
348665 344766 344201 343581 348931 348258 347962 345825 341866
3
2 2 2 1 3 2 4 4 2
5 4 4 2 3 2 2 1 3
3
433464 433923 427986 431187 423898 434388 429364 436364 437355
425913 436120 435916 435831 433614 431989 433088 427766 427693
3
417576 421504 176160 586538 126929 704470 921124 341139 916196
146728 405343 898580 307379 69223 958714 44325 658899 605291
3
935886 283323 779915 249408 82833 531682 29665 940788 632408
103350 850635 350646 544505 999596 892 699213 729465 552549
3
7 4 7 2 6 8 6 3 3
8 2 4 1 7 6 5 9 4
3
3 1 5 6 3 4 1 1 3
4 2 4 1 5 3 3 3 3
3
954541 530879 434665 701455 363430 978946 361644 11993 176244
193498 988982 980717 842590 700449 591705 124402 760238 908423
3
1 2 3 2 3 2 1 3 3
1 2 1 3 3 1 3 4 1
3
179083 178332 176784 177308 175616 176783 173967 178887 179720
179021 179241 179543 175766 176352 178138 176089 175208 177125
3
34402 519041 986033 302519 725183 45366 291504 893936 57384
881418 608746 134678 9678 670553 181180 581949 240345 164318
3
747226 753647 739506 748573 736207 738481 738023 748270 743555
753192 749695 741898 750652 744104 742854 729859 742392 738838
3
58514 32141 566313 379476 306431 503294 401094 547531 341801
767137 639052 417024 875480 831626 46364 548032 902123 297219
3
226330 302565 610651 529685 2168 510878 499545 561670 969246
800175 964533 825433 495812 775126 78386 604268 55241 353900
3
667795 136966 89296 722508 587313 494624 67431 311413 754684
985319 752847 677215 393977 1689 802740 476904 84302 5758
3
2 3 4 4 3 2 2 2 7
2 5 2 4 2 3 2 3 1
3
411873 575451 408627 844169 155186 625276 139921 312276 569952
462 748164 313366 794568 626234 122212 923066 566260 283339
3
283088 284714 281515 282027 284286 285204 285751 287347 281252
278472 287451 279334 283673 280064 284394 289021 287999 284774
3
411818 508963 790738 718881 723183 280790 396600 807480 693841
638967 818336 159816 331210 900655 904848 691046 967139 506992
3
379672 253558 547683 363135 635204 409513 308800 52549 466205
698949 964660 988116 13378 251581 52361 478840 917302 726152
3
807510 659084 444238 401537 479762 663377 439319 213422 113284
149187 941550 497266 535875 864629 921815 539966 540573 926402
3
995431 999095 1000000 990106 1000000 1000000 992442 1000000 995546
989961 1000000 993283 990139 1000000 1000000 985243 1000000 1000000
3
823084 307908 153893 934414 103230 245235 829240 452756 653598
574960 199613 382784 653844 821576 748625 183458 508793 83343
3
3 6 7 5 5 5 11 3 5
7 7 6 8 2 6 4 4 3
3
8 9 4 4 3 4 5 6 2
4 3 5 7 5 5 6 5 5
3
402710 409053 401567 391115 401290 399965 400471 398206 400517
400720 398798 403460 401121 404329 397954 397626 400650 400233
3
408477 411687 407098 400153 399130 407209 407112 398835 399056
406091 407208 402067 409932 401120 403186 402600 398986 407567
3
336884 329101 337114 340066 335472 331496 334707 336271 333150
332795 335511 339863 334567 333442 334417 331527 336725 335412
3
6 4 7 5 3 3 3 5 2
5 3 8 6 6 3 3 3 5
3
1 1 3 1 1 2 2 2 1
1 1 1 2 2 2 2 1 2
3
194259 425787 728086 899538 110098 899497 136752 115781 661677
530106 390006 442372 568453 583042 173777 502429 706930 754804
3
698196 690719 679535 699882 700986 693364 698303 696361 689370
696464 694050 688644 693732 693210 688868 691324 694404 706019
3
696764 735688 796760 839538 284814 968265 416312 663953 668743
772926 445160 874023 878542 819918 987784 624723 982641 996920
3
381001 949950 325587 892695 123243 17809 666 816419 194455
271398 381251 579583 949117 870672 765632 140899 597408 711907
3
340693 40403 661969 653941 504926 22546 805142 153072 809972
67452 979694 206310 210577 885349 7387 953803 134468 286968
3
812665 805822 820231 820463 820405 811019 825420 820356 815341
824119 835924 812586 798933 810319 814142 819245 817926 818528
3
913916 900532 906254 892241 904070 901320 894182 907915 898898
904043 903010 904481 903545 890887 900229 898421 908156 906555
3
478332 405686 20829 474565 499900 472134 364424 672086 694336
180910 383052 589272 345939 372184 766637 372306 54240 653534
3
3 7 2 5 3 6 9 4 7
6 7 6 8 5 7 3 6 5
3
1 1 1 1 1 1 1 1 1
1 1 1 1 1 1 1 1 1
3
2 2 2 2 4 2 5 5 1
5 2 3 3 1 2 2 4 3
3
3 2 3 1 5 1 2 3 1
2 2 2 3 2 4 2 2 2
3
633773 907380 88919 465698 319295 116068 797081 375965 481892
728245 371877 9224 509444 847308 485951 225904 172564 117919
3
5 7 6 5 2 1 3 4 3
4 4 5 4 3 3 3 7 4
3
828535 309111 928297 713895 747895 972989 274873 446287 703804
189356 844379 104060 599318 24170 450356 898126 219680 369119
3
3 1 1 1 1 1 2 1 2
2 1 3 3 1 1 1 1 1
3
5 6 4 5 7 3 2 4 3
5 4 7 4 2 3 5 4 8
3
170737 167855 167799 170568 168619 167954 167820 167735 170331
168524 169647 165567 168379 170701 171680 165442 169023 170453
